1.0     -6.217248937900877e-15
0.9996664241851196     6.10842019783675e-05
0.9986661418317758     0.0002468941651390111
0.997000487619973     0.0005649569171346513
0.9946716840375551     0.0010273403137173176
0.991682838414733     0.001649959008360291
0.9880379387779635     0.0024516454009733124
0.9837418485287126     0.003453026050451058
0.9788002999542029     0.0046752526891804536
0.9732198865788046     0.00613864360921923
0.967008054366274     0.007861295523659884
0.9601730917845797     0.009857727859464038
0.9527241187465734     0.012137620727521004
0.9446710744412594     0.014704704562642501
0.9360247040719039     0.017555853755214734
0.9267965445186732     0.02068042872947773
0.9169989089449389     0.024059901172530207
0.9066448703677827     0.027667785872074635
0.895748244214627     0.03146989032868275
0.884323569889266     0.03542488046396031
0.8723860913718908     0.03948514786521873
0.8599517368789978     0.043597951609799956
0.8470370976103168     0.04770679629933561
0.8336594056111197     0.05175299796862287
0.8198365107794456     0.0556773814218976
0.8055868570489246     0.05942204662375006
0.7909294577789763     0.06293213827903688
0.775883870385223     0.06615755182564653
0.7604701702439651     0.06905451078243563
0.7447089239055427     0.0715869546845761
0.7286211616523193     0.0737276835392594
0.7122283494379075     0.07545921358981211
0.6955523602450779     0.07677430984294698
0.6786154449005664     0.07767617287696182
0.6614402023857231     0.07817827043711112
0.6440495496826186     0.07830381772956208
0.6264666911958403     0.07808492362185465
0.6087150877907784     0.07756143262410892
0.5908184254897182     0.0767795040641655
0.5728005838675023     0.07578997982894495
0.5546856041889371     0.07464660003318918
0.5364976573304536     0.07340413168297821
0.5182610115288293     0.07211647860280587
0.49999999999999994     0.07083484146828913
0.48173898847117047     0.06960599471234465
0.46350234266954615     0.06847074243595448
0.44531439581106275     0.06746260844147733
0.4271994161324975     0.06660680639627609
0.40918157451028175     0.06591952528897536
0.3912849122092214     0.06540755318925123
0.3735333088041596     0.06506824934464062
0.35595045031738115     0.06488986135563324
0.33855979761427685     0.06485217108546715
0.32138455509943353     0.06492744059585268
0.3044476397549219     0.06508161823636648
0.2877716505620923     0.06527575548615469
0.27137883834768073     0.06546757761806128
0.2552910760944571     0.06561314601266262
0.23952982975603487     0.06566854718619508
0.224116129614777     0.06559154340578352
0.20907054222102345     0.06534312213857862
0.1944131429510753     0.06488888640703033
0.18016348922055425     0.06420023519179342
0.16634059438888027     0.06325529203919138
0.15296290238968302     0.06203955061779108
0.14004826312100194     0.060546217693314495
0.127613908628109     0.05877624637419811
0.11567643011073386     0.056738065018909614
0.10425175578537293     0.05444701938421813
0.09335512963221726     0.051924556941267935
0.08300109105506093     0.04919719234022758
0.07320345548132678     0.04629530136578797
0.06397529592809614     0.043251797066735646
0.05532892555874058     0.04010074581871337
0.04727588125342669     0.036875982738828
0.03982690821542023     0.03360978506181699
0.03299194563372598     0.030331658858772877
0.026780113421195295     0.02706728897834476
0.021199700045796965     0.023837694556625474
0.01625815147128734     0.020658623197691472
0.011962061222036413     0.01754020636309935
0.008317161585266963     0.014486887069555653
0.005328315962444874     0.011497619158106473
0.0029995123800270473     0.0085663256591975
0.001333858168224178     0.005682592624278212
0.00033357581488030474     0.002832564689538143
0.0     0.0
0.00031858717150418103     -0.0027659895601912887
0.0012739426948732424     -0.00553602849392495
0.0028648491140513266     -0.00831383820807806
0.005089279059533658     -0.01110249662490894
0.007944397831941952     -0.013904147093169561
0.011426567014420241     -0.016719742789679796
0.015531349109246362     -0.019548836338058314
0.020253513192751316     -0.022389422671476075
0.025587041581340175     -0.02523784116577784
0.03152513750011915     -0.02808874084393067
0.03806023374435663     -0.030935110086814363
0.04518400232274078     -0.033768369868454225
0.052887365070144354     -0.036578527157368236
0.061160505216372174     -0.03935438287960483
0.06999287989614972     -0.042083786808100515
0.0793732335844094     -0.044753930003752204
0.0892896124397542     -0.04735166405148762
0.0997293795378198     -0.04986383536139408
0.11067923097512244     -0.052277622276805734
0.12212521282287087     -0.054580862667366996
0.13405273890913727     -0.056762360087025836
0.1464466094067262     -0.058812157428499726
0.15929103020305446     -0.060721768273750226
0.17256963302735745     -0.062484357775368954
0.186265496309574     -0.06409486684358452
0.20036116674432652     -0.06555007558342252
0.21483868153251795     -0.06684860424334758
0.22967959127220117     -0.06799085231197263
0.2448649834695502     -0.0689788787425709
0.26037550663997155     -0.06981622850697546
0.27619139496864376     -0.07050771269660866
0.2922924934990568     -0.07105915112244691
0.3086582838174551     -0.07147708775221348
0.32526791020045076     -0.07176849030989725
0.3421002061924875     -0.07194044591308599
0.35913372157928514     -0.07199986471756771
0.37634674972289217     -0.07195320317366895
0.3937173552235117     -0.07180621768986953
0.4112234018728484     -0.07156375827831045
0.42884258086335747     -0.07122961017152249
0.4465524392174436     -0.07080638951152023
0.4643304084003838     -0.07029549709425414
0.48215383308050974     -0.06969713188586887
0.49999999999999994     -0.06901036369936904
0.5178461669194901     -0.06823326212038625
0.5356695915996161     -0.06736307658678714
0.5534475607825563     -0.06639646054221268
0.5711574191366425     -0.06532973087387317
0.5887765981271517     -0.06415915247490922
0.6062826447764884     -0.06288123679307299
0.6236532502771077     -0.06149304267701082
0.6408662784207149     -0.05999246772912492
0.6578997938075124     -0.05837851872278306
0.6747320897995491     -0.05665155042708461
0.6913417161825448     -0.0548134633733873
0.7077075065009432     -0.052867852647719704
0.7238086050313562     -0.05082010164180059
0.7396244933600284     -0.04867741677105328
0.7551350165304498     -0.04644880139064195
0.7703204087277988     -0.04414496942456275
0.7851613184674819     -0.04177820148053146
0.7996388332556734     -0.039362148368308925
0.8137345036904259     -0.036911588889327385
0.8274303669726425     -0.03444215044681359
0.8407089697969456     -0.03197000237443204
0.8535533905932737     -0.029511532847074085
0.8659472610908627     -0.02708302078415853
0.8778747871771291     -0.02470031426404773
0.8893207690248777     -0.022378526635522755
0.9002706204621802     -0.0201317607531446
0.9107103875602458     -0.017972870608695457
0.9206267664155905     -0.01591326812699212
0.9300071201038502     -0.013962781100597788
0.9388394947836277     -0.01212956622510053
0.9471126349298556     -0.010420079043469754
0.9548159976772592     -0.008839100398784105
0.9619397662556434     -0.007389816815403738
0.9684748624998809     -0.006073950164237951
0.9744129584186598     -0.004891930098166908
0.9797464868072487     -0.003843101141217109
0.9844686508907536     -0.002925955041603756
0.9885734329855798     -0.002138378102906513
0.992055602168058     -0.001477902723584057
0.9949107209404664     -0.0009419523204596825
0.9971351508859486     -0.0005280691879230304
0.9987260573051268     -0.00023411563549124992
0.9996814128284959     -5.843992019460842e-05
