1.0     5.551115123125783e-17
0.9996664241851196     4.5510261930226115e-05
0.9986661418317758     0.0001812890033238146
0.997000487619973     0.00040510476208527324
0.9946716840375551     0.0007133198018633435
0.991682838414733     0.0011010091498037666
0.9880379387779635     0.001562121335783262
0.9837418485287126     0.0020896751772313538
0.9788002999542029     0.002675985695080485
0.9732198865788046     0.0033129112374136183
0.967008054366274     0.003992113163838906
0.9601730917845797     0.004705319030793631
0.9527241187465734     0.005444580129587873
0.9446710744412594     0.006202514466839948
0.9360247040719039     0.0069725268308061805
0.9267965445186732     0.007748998435185894
0.9169989089449389     0.008527439741809917
0.9066448703677827     0.009304601393280154
0.895748244214627     0.010078539686414367
0.884323569889266     0.010848634631607623
0.8723860913718908     0.011615560312557394
0.8599517368789978     0.012381208924237969
0.8470370976103168     0.01314857146435483
0.8336594056111197     0.013921579527550049
0.8198365107794456     0.014704913950301463
0.8055868570489246     0.015503787132697067
0.7909294577789763     0.01632370668469696
0.775883870385223     0.017170228582655184
0.7604701702439651     0.01804870826117662
0.7447089239055427     0.01896405800149077
0.7286211616523193     0.019920518617515703
0.7122283494379075     0.020921452802603255
0.6955523602450779     0.02196916661175026
0.6786154449005664     0.02306476445285486
0.6614402023857231     0.024208041690859827
0.6440495496826186     0.025397417580427302
0.6264666911958403     0.026629909789830007
0.6087150877907784     0.02790115031623483
0.5908184254897182     0.029205441175091044
0.5728005838675023     0.030535846925793204
0.5546856041889371     0.03188431991936639
0.5364976573304536     0.03324185316240501
0.5182610115288293     0.03459865491774799
0.49999999999999994     0.03594433863021893
0.48173898847117047     0.037268121489180274
0.46350234266954615     0.03855902492241565
0.44531439581106275     0.03980607055154513
0.4271994161324975     0.040998465611613945
0.40918157451028175     0.04212577252153997
0.3912849122092214     0.04317805815483909
0.3735333088041596     0.04414601936217535
0.35595045031738115     0.04502108239487263
0.33855979761427685     0.04579547502478646
0.32138455509943353     0.04646227130321126
0.3044476397549219     0.04701541000315881
0.2877716505620923     0.04744968880168208
0.27137883834768073     0.04776073714286402
0.2552910760944571     0.04794497144472414
0.23952982975603487     0.047999536849090405
0.224116129614777     0.047922240045226
0.20907054222102345     0.04771147781735525
0.1944131429510753     0.047366165873942975
0.18016348922055425     0.046885672222286595
0.16634059438888027     0.04626975887366294
0.15296290238968302     0.045518535027389
0.14004826312100194     0.044632424118436625
0.127613908628109     0.04361214625927448
0.11567643011073386     0.04245871670221326
0.10425175578537293     0.04117346003503475
0.09335512963221726     0.03975803894114001
0.08300109105506093     0.038214495544905094
0.07320345548132678     0.03654530265876365
0.06397529592809614     0.03475342168100752
0.05532892555874058     0.03284236348630225
0.04727588125342669     0.03081624842102303
0.03982690821542023     0.028679861471342903
0.03299194563372598     0.02643869881389441
0.026780113421195295     0.024099002278939057
0.021199700045796965     0.021667778738677406
0.01625815147128734     0.01915280205592908
0.011962061222036413     0.016562595962202973
0.008317161585266963     0.013906397045727326
0.005328315962444874     0.011194097882629274
0.0029995123800270473     0.008436171199827687
0.001333858168224178     0.005643576778045476
0.00033357581488030474     0.0028276535510987754
0.0     0.0
0.00031858717150418103     -0.0027666024785175107
0.0012739426948732424     -0.005540897469584173
0.0028648491140513266     -0.008330079162974484
0.005089279059533658     -0.011140364484020589
0.007944397831941952     -0.01397655217252017
0.011426567014420241     -0.016841637066818623
0.015531349109246362     -0.019736494665305564
0.020253513192751316     -0.022659648348646724
0.025587041581340175     -0.025607128483593894
0.03152513750011915     -0.028572429114325556
0.03806023374435663     -0.03154656421460003
0.04518400232274078     -0.034518221666508024
0.052887365070144354     -0.03747400939509745
0.061160505216372174     -0.04039878456567181
0.06999287989614972     -0.04327605357696741
0.0793732335844094     -0.04608842788013137
0.0892896124397542     -0.048818118523846675
0.0997293795378198     -0.05144745085145958
0.11067923097512244     -0.053959380012820066
0.12212521282287087     -0.05633798793072817
0.13405273890913727     -0.05856894307998649
0.1464466094067262     -0.06063990586829467
0.15929103020305446     -0.06254086449746102
0.17256963302735745     -0.06426438885031607
0.186265496309574     -0.06580579309084789
0.20036116674432652     -0.0671632011617976
0.21483868153251795     -0.0683375130810747
0.22967959127220117     -0.06933227373327223
0.2448649834695502     -0.0701534495797605
0.26037550663997155     -0.07080912222742897
0.27619139496864376     -0.07130911096737604
0.2922924934990568     -0.07166453909925112
0.3086582838174551     -0.07188736099101461
0.32526791020045076     -0.07198986830598902
0.3421002061924875     -0.07198419460265366
0.35913372157928514     -0.07188183754829561
0.37634674972289217     -0.07169321728430589
0.3937173552235117     -0.0714272880658556
0.4112234018728484     -0.07109121822646149
0.42884258086335747     -0.07069015086827798
0.4465524392174436     -0.07022705455367384
0.4643304084003838     -0.06970266979280514
0.48215383308050974     -0.06911555341909964
0.49999999999999994     -0.06846221916189321
0.5178461669194901     -0.06773736900797345
0.5356695915996161     -0.06693420643398862
0.5534475607825563     -0.06604481942403392
0.5711574191366425     -0.0650606184825074
0.5887765981271517     -0.06397281271496993
0.6062826447764884     -0.06277290556089277
0.6236532502771077     -0.06145319097856222
0.6408662784207149     -0.06000723083367393
0.6578997938075124     -0.05843029493076429
0.6747320897995491     -0.056719746523768766
0.6913417161825448     -0.054875358194728996
0.7077075065009432     -0.052899545618892874
0.7238086050313562     -0.05079750983902359
0.7396244933600284     -0.04857728213240481
0.7551350165304498     -0.04624966923793994
0.7703204087277988     -0.04382810047661129
0.7851613184674819     -0.04132838200208577
0.7996388332556734     -0.03876836691768393
0.8137345036904259     -0.03616755315741993
0.8274303669726425     -0.033546623731730896
0.8407089697969456     -0.030926946079905204
0.8535533905932737     -0.02833004876972156
0.8659472610908627     -0.025777094584128912
0.8778747871771291     -0.023288369105125217
0.8893207690248777     -0.02088280324513736
0.9002706204621802     -0.01857754681249002
0.9107103875602458     -0.01638760818373597
0.9206267664155905     -0.014325572570359713
0.9300071201038502     -0.012401408310954931
0.9388394947836277     -0.010622367211115202
0.9471126349298556     -0.008992981323843185
0.9548159976772592     -0.0075151548535510315
0.9619397662556434     -0.006188346220002083
0.9684748624998809     -0.005009831875477211
0.9744129584186598     -0.003975040361558602
0.9797464868072487     -0.003077942440978365
0.9844686508907536     -0.002311481046557873
0.9885734329855798     -0.0016680233336290318
0.992055602168058     -0.0011398163600384592
0.9949107209404664     -0.0007194278773128282
0.9971351508859486     -0.0004001543986376088
0.9987260573051268     -0.0001763800867058407
0.9996814128284959     -4.387202289457548e-05
