1.0     0.0
0.9996664241851196     4.673228740226243e-05
0.9986661418317758     0.00018695968113602301
0.997000487619973     0.00042076509970367937
0.9946716840375551     0.0007482582076295818
0.991682838414733     0.0011695339558034368
0.9880379387779635     0.0016846171617018735
0.9837418485287126     0.0022933956251024457
0.9788002999542029     0.00299554481061462
0.9732198865788046     0.0037904475408374605
0.967008054366274     0.004677112416202028
0.9601730917845797     0.005654094798118181
0.9527241187465734     0.006719424155510939
0.9446710744412594     0.007870541382037077
0.9360247040719039     0.009104249349258076
0.9267965445186732     0.010416679482824015
0.9169989089449389     0.0118032765527111
0.9066448703677827     0.013258803177922579
0.895748244214627     0.01477736478772973
0.884323569889266     0.016352454985231024
0.8723860913718908     0.017977020455978238
0.8599517368789978     0.01964354378630971
0.8470370976103168     0.02134414183355654
0.8336594056111197     0.023070676652067565
0.8198365107794456     0.024814875450448456
0.8055868570489246     0.026568455657684203
0.7909294577789763     0.028323250925047422
0.775883870385223     0.03007133379732227
0.7604701702439651     0.03180513085522718
0.7447089239055427     0.033517526359098423
0.7286211616523193     0.035201950803777485
0.7122283494379075     0.036852451312274
0.6955523602450779     0.03846374143185246
0.6786154449005664     0.04003122862686543
0.6614402023857231     0.04155101856044643
0.6440495496826186     0.04301989609202583
0.6264666911958403     0.044435283758110795
0.6087150877907784     0.045795179318256114
0.5908184254897182     0.04709807470608222
0.5728005838675023     0.04834285939823196
0.5546856041889371     0.04952871177727053
0.5364976573304536     0.05065498249695937
0.5182610115288293     0.05172107414436647
0.49999999999999994     0.05272632162281781
0.48173898847117047     0.05366987764865862
0.46350234266954615     0.05455060756518547
0.44531439581106275     0.05536699733694848
0.4271994161324975     0.05611707811055852
0.40918157451028175     0.05679837013290788
0.3912849122092214     0.05740784812737964
0.3735333088041596     0.05794192946962223
0.35595045031738115     0.05839648570559037
0.33855979761427685     0.05876687714578857
0.32138455509943353     0.05904800948101311
0.3044476397549219     0.05923441062526032
0.2877716505620923     0.059320325327484845
0.27137883834768073     0.0592998245289312
0.2552910760944571     0.05916692599607284
0.23952982975603487     0.0589157224451857
0.224116129614777     0.05854051320233811
0.20907054222102345     0.05803593541554243
0.1944131429510753     0.057397090951760814
0.18016348922055425     0.056619665362638016
0.16634059438888027     0.055700035676373306
0.15296290238968302     0.05463536425162484
0.14004826312100194     0.05342367649156893
0.127613908628109     0.05206392083814657
0.11567643011073386     0.05055601012220152
0.10425175578537293     0.04890084400794407
0.09335512963221726     0.04710031291357633
0.08300109105506093     0.045157284388990845
0.07320345548132678     0.04307557346359223
0.06397529592809614     0.04085989892316296
0.05532892555874058     0.038515827818999204
0.04727588125342669     0.036049710744576684
0.03982690821542023     0.033468610529053686
0.03299194563372598     0.03078022699238633
0.026780113421195295     0.027992820288235996
0.021199700045796965     0.025115135137515798
0.01625815147128734     0.02215632794104623
0.011962061222036413     0.01912589837177749
0.008317161585266963     0.0160336266057156
0.005328315962444874     0.012889516878393209
0.0029995123800270473     0.00970374757380651
0.001333858168224178     0.006486627588524908
0.00033357581488030474     0.0032485582874768643
0.0     0.0
0.00031858717150418103     -0.003172332641161313
0.0012739426948732424     -0.006320167336146294
0.0028648491140513266     -0.009419635462554725
0.005089279059533658     -0.012448104431738619
0.007944397831941952     -0.015384740026810171
0.011426567014420241     -0.018211004289115474
0.015531349109246362     -0.02091107131112909
0.020253513192751316     -0.023472146397156973
0.025587041581340175     -0.025884677704164503
0.03152513750011915     -0.02814245353420398
0.03806023374435663     -0.030242582762488767
0.04518400232274078     -0.032185360286713094
0.052887365070144354     -0.03397402370598421
0.061160505216372174     -0.03561441151703123
0.06999287989614972     -0.037114536795874925
0.0793732335844094     -0.03848409347488123
0.0892896124397542     -0.0397339148087389
0.0997293795378198     -0.04087540535425871
0.11067923097512244     -0.04191996870265573
0.12212521282287087     -0.04287845326509409
0.13405273890913727     -0.043760637621263816
0.1464466094067262     -0.04457477532775321
0.15929103020305446     -0.04532721671051208
0.17256963302735745     -0.04602212212529896
0.186265496309574     -0.04666127757867695
0.20036116674432652     -0.04724401959786023
0.21483868153251795     -0.04776727197420282
0.22967959127220117     -0.04822569264585704
0.2448649834695502     -0.04861192469714228
0.26037550663997155     -0.04891694139964208
0.27619139496864376     -0.04913047155803593
0.2922924934990568     -0.04924148829216558
0.3086582838174551     -0.04923874190541664
0.32526791020045076     -0.04911131575277816
0.3421002061924875     -0.048849183095970986
0.35913372157928514     -0.04844374285277257
0.37634674972289217     -0.047888312915680444
0.3937173552235117     -0.047178561301465236
0.4112234018728484     -0.04631285773676377
0.42884258086335747     -0.045292531295561225
0.4465524392174436     -0.04412202326663059
0.4643304084003838     -0.042808928406185304
0.48215383308050974     -0.041363921970839976
0.49999999999999994     -0.03980057426623521
0.5178461669194901     -0.03813505872147559
0.5356695915996161     -0.036385763545603425
0.5534475607825563     -0.034572820685400504
0.5711574191366425     -0.03271756894436914
0.5887765981271517     -0.030841970621480058
0.6062826447764884     -0.028968002790545427
0.6236532502771077     -0.027117045300538767
0.6408662784207149     -0.02530928769833829
0.6578997938075124     -0.02356317655476728
0.6747320897995491     -0.021894923141318412
0.6913417161825448     -0.020318089118398885
0.7077075065009432     -0.018843264944997606
0.7238086050313562     -0.01747785221821102
0.7396244933600284     -0.016225957233904964
0.7551350165304498     -0.01508839887737734
0.7703204087277988     -0.014062829665613619
0.7851613184674819     -0.013143964534642283
0.7996388332556734     -0.01232390795806293
0.8137345036904259     -0.011592566348783806
0.8274303669726425     -0.010938129573277777
0.8407089697969456     -0.01034760291445469
0.8535533905932737     -0.009807369049158687
0.8659472610908627     -0.00930375862492161
0.8778747871771291     -0.008823607863230332
0.8893207690248777     -0.008354782286401186
0.9002706204621802     -0.007886647133788838
0.9107103875602458     -0.007410467241289576
0.9206267664155905     -0.0069197220181771435
0.9300071201038502     -0.00641032455481505
0.9388394947836277     -0.0058807377004723715
0.9471126349298556     -0.00533198401378443
0.9548159976772592     -0.004767550651107566
0.9619397662556434     -0.004193194358495855
0.9684748624998809     -0.003616655612104225
0.9744129584186598     -0.003047294459562977
0.9797464868072487     -0.0024956636157558165
0.9844686508907536     -0.0019730367449304342
0.9885734329855798     -0.0014909115261017014
0.992055602168058     -0.001060507986864856
0.9949107209404664     -0.0006922826690751727
0.9971351508859486     -0.00039547845684650973
0.9987260573051268     -0.00017772838313767636
0.9996814128284959     -4.4729496203821384e-05
