1.0     -1.3322676295501878e-15
0.9996664241851196     4.8407306389330884e-05
0.9986661418317758     0.0001923312826990209
0.997000487619973     0.0004279301621190612
0.9946716840375551     0.0007489724998781533
0.991682838414733     0.0011470873645496038
0.9880379387779635     0.0016121007711995539
0.9837418485287126     0.00213244516933786
0.9788002999542029     0.0026956259277066685
0.9732198865788046     0.003288726510964679
0.967008054366274     0.003898932507288455
0.9601730917845797     0.004514053900188442
0.9527241187465734     0.005123025011526838
0.9446710744412594     0.005716362373944905
0.9360247040719039     0.006286562386657701
0.9267965445186732     0.006828422906126841
0.9169989089449389     0.007339275832614289
0.9066448703677827     0.007819121161384057
0.895748244214627     0.00827065674072347
0.884323569889266     0.008699201971203108
0.8723860913718908     0.009112517736896697
0.8599517368789978     0.009520528822636432
0.8470370976103168     0.009934958788829884
0.8336594056111197     0.010368890604052994
0.8198365107794456     0.010836269148140676
0.8055868570489246     0.011351363887992183
0.7909294577789763     0.011928211512575726
0.775883870385223     0.01258005903810866
0.7604701702439651     0.013318827834449265
0.7447089239055427     0.014154618185216905
0.7286211616523193     0.015095272413295557
0.7122283494379075     0.016146012345018224
0.6955523602450779     0.017309164041492936
0.6786154449005664     0.01858397940747253
0.6614402023857231     0.019966560628046914
0.6440495496826186     0.0214498895249097
0.6264666911958403     0.02302396001756074
0.6087150877907784     0.02467600807195952
0.5908184254897182     0.026390829966223522
0.5728005838675023     0.02815117653549075
0.5546856041889371     0.029938208395509543
0.5364976573304536     0.03173199508565082
0.5182610115288293     0.03351203969114381
0.49999999999999994     0.035257809848465424
0.48173898847117047     0.03694925612510315
0.46350234266954615     0.03856729958401134
0.44531439581106275     0.04009427185389805
0.4271994161324975     0.04151429316188288
0.40918157451028175     0.04281357645381442
0.3912849122092214     0.04398064881806481
0.3735333088041596     0.045006484813626874
0.35595045031738115     0.045884549845027274
0.33855979761427685     0.04661075528218428
0.32138455509943353     0.04718333045097153
0.3044476397549219     0.04760261978448624
0.2877716505620923     0.04787081620236372
0.27137883834768073     0.04799164406919469
0.2552910760944571     0.047970006787414705
0.23952982975603487     0.047811615143416114
0.224116129614777     0.04752261291310878
0.20907054222102345     0.04710921593751266
0.1944131429510753     0.046577379920841336
0.18016348922055425     0.045932510630365825
0.16634059438888027     0.04517922806123407
0.15296290238968302     0.04432119356402182
0.14004826312100194     0.04336100602932877
0.127613908628109     0.04230017010633598
0.11567643011073386     0.041139136232760116
0.10425175578537293     0.039877409106197435
0.09335512963221726     0.03851371826230855
0.08300109105506093     0.037046241765900864
0.07320345548132678     0.03547287177536374
0.06397529592809614     0.033791508999746526
0.05532892555874058     0.032000371900047245
0.04727588125342669     0.030098305936625436
0.03982690821542023     0.028085078251607904
0.03299194563372598     0.02596164389051423
0.026780113421195295     0.023730370976637334
0.021199700045796965     0.021395214095789483
0.01625815147128734     0.018961827446539656
0.011962061222036413     0.01643761196201891
0.008317161585266963     0.013831693499305152
0.005328315962444874     0.0111548321972437
0.0029995123800270473     0.008419266094829089
0.001333858168224178     0.005638494952436302
0.00033357581488030474     0.0028270128060197946
0.0     0.0
0.00031858717150418103     -0.002765644028962003
0.0012739426948732424     -0.005533286383905481
0.0028648491140513266     -0.008304707073948217
0.005089279059533658     -0.011081257070575319
0.007944397831941952     -0.013863662506894851
0.011426567014420241     -0.01665185058662782
0.015531349109246362     -0.019444803216121333
0.020253513192751316     -0.022240443382889084
0.025587041581340175     -0.025035558137751997
0.03152513750011915     -0.02782576073781084
0.03806023374435663     -0.03060549312233195
0.04518400232274078     -0.03336806847432244
0.052887365070144354     -0.03610575221939865
0.061160505216372174     -0.03880987848194751
0.06999287989614972     -0.04147099780520986
0.0793732335844094     -0.04407905089082898
0.0892896124397542     -0.04662356226241389
0.0997293795378198     -0.04909384713690226
0.11067923097512244     -0.051479224418336876
0.12212521282287087     -0.05376922862290131
0.13405273890913727     -0.055953813703529365
0.1464466094067262     -0.05802354215894657
0.15929103020305446     -0.059969753467792174
0.17256963302735745     -0.061784706756742386
0.186265496309574     -0.06346169365764792
0.20036116674432652     -0.06499511849141251
0.21483868153251795     -0.06638054418953057
0.22967959127220117     -0.06761470367856297
0.2448649834695502     -0.06869547775779179
0.26037550663997155     -0.06962184174595691
0.27619139496864376     -0.0703937843120301
0.2922924934990568     -0.07101220289450025
0.3086582838174551     -0.07147878091672184
0.32526791020045076     -0.07179585259302988
0.3421002061924875     -0.0719662614705805
0.35913372157928514     -0.07199321895356789
0.37634674972289217     -0.07188016890764173
0.3937173552235117     -0.07163066405079993
0.4112234018728484     -0.0712482592199811
0.42884258086335747     -0.07073642578596472
0.4465524392174436     -0.07009849050663007
0.4643304084003838     -0.06933760100010884
0.48215383308050974     -0.06845671882966575
0.49999999999999994     -0.06745863996905464
0.5178461669194901     -0.06634604120959638
0.5356695915996161     -0.06512154992654047
0.5534475607825563     -0.06378783358799854
0.5711574191366425     -0.06234770450609459
0.5887765981271517     -0.0608042346321724
0.6062826447764884     -0.05916087471378418
0.6236532502771077     -0.05742157188017242
0.6408662784207149     -0.055590879715254664
0.6578997938075124     -0.05367405511337417
0.6747320897995491     -0.051677136684291025
0.6913417161825448     -0.04960700016184506
0.7077075065009432     -0.04747138714863325
0.7238086050313562     -0.04527890456262845
0.7396244933600284     -0.04303899330047914
0.7551350165304498     -0.04076186585122232
0.7703204087277988     -0.0384584138354091
0.7851613184674819     -0.0361400876593273
0.7996388332556734     -0.033818751614139275
0.8137345036904259     -0.03150651877015109
0.8274303669726425     -0.029215570876492875
0.8407089697969456     -0.026957969141692573
0.8535533905932737     -0.024745462213942637
0.8659472610908627     -0.022589297882858017
0.8778747871771291     -0.020500044977904308
0.8893207690248777     -0.018487431642968233
0.9002706204621802     -0.016560205631756475
0.9107103875602458     -0.014726021514206877
0.9206267664155905     -0.012991358737808711
0.9300071201038502     -0.011361473384996656
0.9388394947836277     -0.009840385250125594
0.9471126349298556     -0.008430900573043354
0.9548159976772592     -0.007134669459750109
0.9619397662556434     -0.005952275743860924
0.9684748624998809     -0.004883355844296444
0.9744129584186598     -0.003926742100691438
0.9797464868072487     -0.0030806251596688927
0.9844686508907536     -0.0023427292773784414
0.9885734329855798     -0.0017104939239679373
0.992055602168058     -0.001181254842698931
0.9949107209404664     -0.0007524177396921461
0.9971351508859486     -0.00042161805939477937
0.9987260573051268     -0.00018686082580154917
0.9996814128284959     -4.663528072634815e-05
