1.0     -7.105427357601002e-15
0.9996664241851196     5.3189976674694606e-05
0.9986661418317758     0.00021680523714717737
0.997000487619973     0.0005027682320726257
0.9946716840375551     0.0009302469864787
0.991682838414733     0.0015246324078477258
0.9880379387779635     0.002316167998016816
0.9837418485287126     0.0033382904387906365
0.9788002999542029     0.004625752061055977
0.9732198865788046     0.006212605855679065
0.967008054366274     0.00813014004500534
0.9601730917845797     0.010404852042013246
0.9527241187465734     0.013056550759632302
0.9446710744412594     0.016096671721665956
0.9360247040719039     0.019526881442718746
0.9267965445186732     0.023338036400979867
0.9169989089449389     0.027509548065427936
0.9066448703677827     0.032009189408770844
0.895748244214627     0.03679336077751927
0.884323569889266     0.04180781460215233
0.8723860913718908     0.04698881994835613
0.8599517368789978     0.05226473007490329
0.8470370976103168     0.05755789969039382
0.8336594056111197     0.06278688415172695
0.8198365107794456     0.06786884100431179
0.8055868570489246     0.0727220455067279
0.7909294577789763     0.07726842646773147
0.775883870385223     0.08143602707183795
0.7604701702439651     0.08516129745555556
0.7447089239055427     0.08839113154698786
0.7286211616523193     0.09108456987710012
0.7122283494379075     0.09321410235633976
0.6955523602450779     0.09476651990630713
0.6786154449005664     0.0957432807609222
0.6614402023857231     0.0961603755423428
0.6440495496826186     0.09604769415678593
0.6264666911958403     0.0954479164022356
0.6087150877907784     0.09441496619535927
0.5908184254897182     0.09301208580354037
0.5728005838675023     0.09130960076602213
0.5546856041889371     0.08938245774846387
0.5364976573304536     0.08730762594946023
0.5182610115288293     0.08516145754370269
0.49999999999999994     0.08301710382164362
0.48173898847117047     0.08094208113271434
0.46350234266954615     0.07899607456883223
0.44531439581106275     0.07722905778991848
0.4271994161324975     0.07567979487856374
0.40918157451028175     0.0743747751185564
0.3912849122092214     0.0733276147196946
0.3735333088041596     0.07253894142957831
0.35595045031738115     0.0719967593975947
0.33855979761427685     0.07167727331972631
0.32138455509943353     0.07154613351516163
0.3044476397549219     0.07156004784601774
0.2877716505620923     0.07166869290068431
0.27137883834768073     0.07181684613806116
0.2552910760944571     0.07194665314033914
0.23952982975603487     0.07199994002354636
0.224116129614777     0.07192048054633225
0.20907054222102345     0.07165613053274567
0.1944131429510753     0.07116074873509508
0.18016348922055425     0.07039583292255391
0.16634059438888027     0.06933181237941138
0.15296290238968302     0.06794895261539495
0.14004826312100194     0.06623784432445712
0.127613908628109     0.06419946581121143
0.11567643011073386     0.061844825534589545
0.10425175578537293     0.05919420838888434
0.09335512963221726     0.05627606516821938
0.08300109105506093     0.05312559870683373
0.07320345548132678     0.04978311189522219
0.06397529592809614     0.04629219168000412
0.05532892555874058     0.042697808918702854
0.04727588125342669     0.03904441636471116
0.03982690821542023     0.035374126026229254
0.03299194563372598     0.031725042740462464
0.026780113421195295     0.02812982323334306
0.021199700045796965     0.02461451952715998
0.01625815147128734     0.02119775276070352
0.011962061222036413     0.017890248842515995
0.008317161585266963     0.014694751485440388
0.005328315962444874     0.011606311736458602
0.0029995123800270473     0.008612936807691273
0.001333858168224178     0.005696565513304155
0.00033357581488030474     0.002834323568960322
0.0     0.0
0.00031858717150418103     -0.0027652662332077137
0.0012739426948732424     -0.005530285986658839
0.0028648491140513266     -0.008294703322755068
0.005089279059533658     -0.01105794642875463
0.007944397831941952     -0.013819127190003378
0.011426567014420241     -0.016576949525607825
0.015531349109246362     -0.019329628998771702
0.020253513192751316     -0.022074825881355696
0.025587041581340175     -0.02480959345759529
0.03152513750011915     -0.02753034290834662
0.03806023374435663     -0.03023282563928287
0.04518400232274078     -0.032912133419711866
0.052887365070144354     -0.03556271619918685
0.061160505216372174     -0.03817841698280461
0.06999287989614972     -0.0407525226883519
0.0793732335844094     -0.0432778294934206
0.0892896124397542     -0.04574672082076011
0.0997293795378198     -0.048151255815885884
0.11067923097512244     -0.05048326595031455
0.12212521282287087     -0.05273445724207975
0.13405273890913727     -0.05489651552490618
0.1464466094067262     -0.05696121221822616
0.15929103020305446     -0.05892050814894662
0.17256963302735745     -0.060766653146695195
0.186265496309574     -0.06249227936898186
0.20036116674432652     -0.06409048660103904
0.21483868153251795     -0.06555491810513635
0.22967959127220117     -0.06687982595282035
0.2448649834695502     -0.06806012514704227
0.26037550663997155     -0.06909143621560286
0.27619139496864376     -0.06997011631922262
0.2922924934990568     -0.07069327925417483
0.3086582838174551     -0.07125880502946723
0.32526791020045076     -0.07166533995242362
0.3421002061924875     -0.0719122883566729
0.35913372157928514     -0.07199979724777802
0.37634674972289217     -0.07192873522128249
0.3937173552235117     -0.07170066702559466
0.4112234018728484     -0.07131782510012943
0.42884258086335747     -0.07078307932209156
0.4465524392174436     -0.0700999060499447
0.4643304084003838     -0.06927235736650314
0.48215383308050974     -0.06830503120968932
0.49999999999999994     -0.06720304284530614
0.5178461669194901     -0.06597199789520855
0.5356695915996161     -0.06461796689763116
0.5534475607825563     -0.06314746115531704
0.5711574191366425     -0.061567409431823476
0.5887765981271517     -0.059885134895986805
0.6062826447764884     -0.058108331596391644
0.6236532502771077     -0.05624503967725575
0.6408662784207149     -0.05430361852769232
0.6578997938075124     -0.052292717088852816
0.6747320897995491     -0.05022124062667066
0.6913417161825448     -0.04809831340826154
0.7077075065009432     -0.045933236891823465
0.7238086050313562     -0.043735443245601816
0.7396244933600284     -0.041514444242059516
0.7551350165304498     -0.03927977581859338
0.7703204087277988     -0.03704093884495102
0.7851613184674819     -0.034807336878654775
0.7996388332556734     -0.03258821191210043
0.8137345036904259     -0.030392579308084887
0.8274303669726425     -0.028229163274900132
0.8407089697969456     -0.026106334339861273
0.8535533905932737     -0.024032050335029725
0.8659472610908627     -0.02201380240688014
0.8778747871771291     -0.020058567500868887
0.8893207690248777     -0.018172768652811422
0.9002706204621802     -0.016362244244511617
0.9107103875602458     -0.014632227156328503
0.9206267664155905     -0.01298733448151447
0.9300071201038502     -0.011431568165232123
0.9388394947836277     -0.009968326605675065
0.9471126349298556     -0.008600426917266979
0.9548159976772592     -0.007330137218761704
0.9619397662556434     -0.006159217984640281
0.9684748624998809     -0.005088971198646791
0.9744129584186598     -0.004120295785003836
0.9797464868072487     -0.003253747575969357
0.9844686508907536     -0.0024896019125278113
0.9885734329855798     -0.0018279168747563357
0.992055602168058     -0.001268595104228304
0.9949107209404664     -0.0008114422147248723
0.9971351508859486     -0.0004562198891002456
0.9987260573051268     -0.00020269192645314127
0.9996814128284959     -5.066172953008263e-05
