1.0     -2.4424906541753444e-15
0.9996664241851196     5.716347352535678e-05
0.9986661418317758     0.00022739058666010337
0.997000487619973     0.0005069410260150065
0.9946716840375551     0.0008897442909829856
0.991682838414733     0.0013676377786668859
0.9880379387779635     0.0019306864959804937
0.9837418485287126     0.002567571453333528
0.9788002999542029     0.0032660310101204626
0.9732198865788046     0.004013337292866792
0.967008054366274     0.004796788379098471
0.9601730917845797     0.005604196291371322
0.9527241187465734     0.006424351002945361
0.9446710744412594     0.007247441612822536
0.9360247040719039     0.008065417565046973
0.9267965445186732     0.008872275196048607
0.9169989089449389     0.009664257897454953
0.9066448703677827     0.01043996165905492
0.895748244214627     0.01120034156752725
0.884323569889266     0.011948618827372304
0.8723860913718908     0.012690091880483978
0.8599517368789978     0.013431859068268936
0.8470370976103168     0.014182463849267246
0.8336594056111197     0.014951476711979272
0.8198365107794456     0.015749030480989745
0.8055868570489246     0.016585327601381816
0.7909294577789763     0.017470139125744855
0.775883870385223     0.018412315473896157
0.7604701702439651     0.01941932857386869
0.7447089239055427     0.020496863742327065
0.7286211616523193     0.021648477673927358
0.7122283494379075     0.02287533626239699
0.6955523602450779     0.024176042778157464
0.6786154449005664     0.025546563307176612
0.6614402023857231     0.0269802524595166
0.6440495496826186     0.028467978341042505
0.6264666911958403     0.02999834181003512
0.6087150877907784     0.03155798127232633
0.5908184254897182     0.03313195085628415
0.5728005838675023     0.03470415689021808
0.5546856041889371     0.03625783529752842
0.5364976573304536     0.037776050922357626
0.5182610115288293     0.03924219896538941
0.49999999999999994     0.040640488679462405
0.48173898847117047     0.04195639024904656
0.46350234266954615     0.04317702732507665
0.44531439581106275     0.044291499944567374
0.4271994161324975     0.045291125441522806
0.40918157451028175     0.046169588335444156
0.3912849122092214     0.04692299392939081
0.3735333088041596     0.047549824309282014
0.35595045031738115     0.048050799449415184
0.33855979761427685     0.048428650033121884
0.32138455509943353     0.04868781223350468
0.3044476397549219     0.04883405791932184
0.2877716505620923     0.0488740764240269
0.27137883834768073     0.04881502603236632
0.2552910760944571     0.04866407461584874
0.23952982975603487     0.0484279493326349
0.224116129614777     0.04811251497773643
0.20907054222102345     0.047722399437461996
0.1944131429510753     0.04726068281185208
0.18016348922055425     0.046728664195120756
0.16634059438888027     0.046125716949315276
0.15296290238968302     0.04544923969658896
0.14004826312100194     0.04469470633532573
0.127613908628109     0.04385581431231478
0.11567643011073386     0.04292472632119669
0.10425175578537293     0.04189239671032928
0.09335512963221726     0.04074897032820712
0.08300109105506093     0.0394842384557646
0.07320345548132678     0.03808813399762885
0.06397529592809614     0.03655124633012977
0.05532892555874058     0.03486533520610336
0.04727588125342669     0.03302382293776647
0.03982690821542023     0.03102224472901606
0.03299194563372598     0.028858638484081815
0.026780113421195295     0.026533857624968925
0.021199700045796965     0.024051793319921983
0.01625815147128734     0.02141949594690701
0.011962061222036413     0.018647189455327045
0.008317161585266963     0.01574817639447741
0.005328315962444874     0.012738635586413834
0.0029995123800270473     0.00963731856740764
0.001333858168224178     0.006465154841746878
0.00033357581488030474     0.0032447795289340313
0.0     0.0
0.00031858717150418103     -0.003171038091786593
0.0012739426948732424     -0.006318249346828459
0.0028648491140513266     -0.009418397415580456
0.005089279059533658     -0.012449406336612215
0.007944397831941952     -0.015390890030673754
0.011426567014420241     -0.018224623069816176
0.015531349109246362     -0.020934936585881397
0.020253513192751316     -0.023509025962514578
0.025587041581340175     -0.025937160227049106
0.03152513750011915     -0.028212786699551552
0.03806023374435663     -0.030332528328520098
0.04518400232274078     -0.03229607510010754
0.052887365070144354     -0.0341059748011288
0.061160505216372174     -0.0357673320989522
0.06999287989614972     -0.03728742823527011
0.0793732335844094     -0.038675276490722395
0.0892896124397542     -0.03994113085658815
0.0997293795378198     -0.041095966963640214
0.11067923097512244     -0.04215095520753673
0.12212521282287087     -0.04311694614317405
0.13405273890913727     -0.04400398759438599
0.1464466094067262     -0.04482089156623187
0.15929103020305446     -0.04557486700865986
0.17256963302735745     -0.04627123184207392
0.186265496309574     -0.04691321451942474
0.20036116674432652     -0.04750185188676231
0.21483868153251795     -0.0480359863496715
0.22967959127220117     -0.04851236150051473
0.2448649834695502     -0.04892581155817305
0.26037550663997155     -0.04926953636302874
0.27619139496864376     -0.049535450392525056
0.2922924934990568     -0.04971459144103838
0.3086582838174551     -0.04979757234855371
0.32526791020045076     -0.04977505755054009
0.3421002061924875     -0.04963824531631564
0.35913372157928514     -0.04937933637770874
0.37634674972289217     -0.04899197022820462
0.3937173552235117     -0.04847161167075663
0.4112234018728484     -0.04781587215825649
0.42884258086335747     -0.04702475302703527
0.4465524392174436     -0.046100800770979444
0.4643304084003838     -0.045049167923553804
0.48215383308050974     -0.0438775767748577
0.49999999999999994     -0.042596186909518566
0.5178461669194901     -0.04121737126397166
0.5356695915996161     -0.03975540892578386
0.5534475607825563     -0.03822610609802997
0.5711574191366425     -0.036646359405903495
0.5887765981271517     -0.035033677925749296
0.6062826447764884     -0.03340568188498155
0.6236532502771077     -0.03177959685588155
0.6408662784207149     -0.030171762414930137
0.6578997938075124     -0.02859717365789008
0.6747320897995491     -0.027069072673341465
0.6913417161825448     -0.025598605134792618
0.7077075065009432     -0.02419455465013831
0.7238086050313562     -0.022863164505430578
0.7396244933600284     -0.021608053074400446
0.7551350165304498     -0.020430225566379023
0.7703204087277988     -0.01932818109249157
0.7851613184674819     -0.018298110385789823
0.7996388332556734     -0.017334176055853745
0.8137345036904259     -0.016428864125201614
0.8274303669726425     -0.015573392903863392
0.8407089697969456     -0.014758163112574718
0.8535533905932737     -0.013973231646071338
0.8659472610908627     -0.01320879053305446
0.8778747871771291     -0.012455632529571603
0.8893207690248777     -0.011705585380741623
0.9002706204621802     -0.010951898077377509
0.9107103875602458     -0.010189564367686588
0.9206267664155905     -0.009415571283513335
0.9300071201038502     -0.008629063407737947
0.9388394947836277     -0.007831416928293145
0.9471126349298556     -0.007026221065532523
0.9548159976772592     -0.006219168085485061
0.9619397662556434     -0.005417856680837385
0.9684748624998809     -0.004631516875913677
0.9744129584186598     -0.00387066766041011
0.9797464868072487     -0.0031467211613549484
0.9844686508907536     -0.0024715492228277736
0.9885734329855798     -0.001857029699166013
0.992055602168058     -0.001314590524339465
0.9949107209404664     -0.0008547696693834705
0.9971351508859486     -0.00048680843998161194
0.9987260573051268     -0.0002182942238238006
0.9996814128284959     -5.486682523447861e-05
