1.0     -1.2212453270876722e-15
0.9996664241851196     6.80035873343865e-05
0.9986661418317758     0.0002721981228274162
0.997000487619973     0.0006131175043008197
0.9946716840375551     0.0010915942476632523
0.991682838414733     0.00170867614986836
0.9880379387779635     0.002465514769893762
0.9837418485287126     0.0033632306183878358
0.9788002999542029     0.004402760981687903
0.9732198865788046     0.005584697090357138
0.967008054366274     0.006909117842718415
0.9601730917845797     0.008375427488590659
0.9527241187465734     0.00998220455886989
0.9446710744412594     0.011727068897208093
0.9360247040719039     0.013606572928364646
0.9267965445186732     0.01561612231375481
0.9169989089449389     0.01774992993913682
0.9066448703677827     0.02000100580283276
0.895748244214627     0.022361183882903035
0.884323569889266     0.02482118552111212
0.8723860913718908     0.027370717335253425
0.8599517368789978     0.029998600224129923
0.8470370976103168     0.032692924722767636
0.8336594056111197     0.035441226855190966
0.8198365107794456     0.03823067776620204
0.8055868570489246     0.04104827982992701
0.7909294577789763     0.04388106165759423
0.775883870385223     0.046716264473415564
0.7604701702439651     0.04954151269544632
0.7447089239055427     0.05234496223426849
0.7286211616523193     0.05511542097961414
0.7122283494379075     0.057842437144966535
0.6955523602450779     0.060516352533626305
0.6786154449005664     0.06312831931912459
0.6614402023857231     0.06567028053443542
0.6440495496826186     0.06813491607093049
0.6264666911958403     0.07051555753133401
0.6087150877907784     0.0728060766951021
0.5908184254897182     0.07500075357838942
0.5728005838675023     0.07709413105027511
0.5546856041889371     0.07908086365793597
0.5364976573304536     0.08095556868338162
0.5182610115288293     0.08271268748350839
0.49999999999999994     0.08434636484791658
0.48173898847117047     0.08585035345371378
0.46350234266954615     0.08721794952605837
0.44531439581106275     0.08844196456340839
0.4271994161324975     0.08951473650517892
0.40918157451028175     0.09042818206474816
0.3912849122092214     0.09117389018825911
0.3735333088041596     0.09174325480047656
0.35595045031738115     0.09212764323649006
0.33855979761427685     0.09231859510518113
0.32138455509943353     0.09230804485646008
0.3044476397549219     0.09208856009235122
0.2877716505620923     0.09165358672614217
0.27137883834768073     0.09099769149687406
0.2552910760944571     0.09011679211825549
0.23952982975603487     0.08900836549706835
0.224116129614777     0.0876716249965987
0.20907054222102345     0.08610765863057401
0.1944131429510753     0.08431952132264817
0.18016348922055425     0.08231227591197599
0.16634059438888027     0.08009297937095143
0.15296290238968302     0.07767061266071287
0.14004826312100194     0.07505595470989947
0.127613908628109     0.07226140308392508
0.11567643011073386     0.0693007459355358
0.10425175578537293     0.06618889171381931
0.09335512963221726     0.06294156478380392
0.08300109105506093     0.05957497650540676
0.07320345548132678     0.056105482381928015
0.06397529592809614     0.05254923657008835
0.05532892555874058     0.04892185531550367
0.04727588125342669     0.04523810072468901
0.03982690821542023     0.04151159570854026
0.03299194563372598     0.03775457995029283
0.026780113421195295     0.03397771539637834
0.021199700045796965     0.030189948088979814
0.01625815147128734     0.026398431214687275
0.011962061222036413     0.022608512105166487
0.008317161585266963     0.01882378367160637
0.005328315962444874     0.015046198468110986
0.0029995123800270473     0.011276241344968704
0.001333858168224178     0.0075131545540301475
0.00033357581488030474     0.003755207283620012
0.0     0.0
0.00031858717150418103     -0.0036646768950880696
0.0012739426948732424     -0.007301116673955229
0.0028648491140513266     -0.010881711400253454
0.005089279059533658     -0.014380090975561048
0.007944397831941952     -0.01777169149272819
0.011426567014420241     -0.021034264952015824
0.015531349109246362     -0.0241483141154948
0.020253513192751316     -0.027097438962430262
0.025587041581340175     -0.029868584375180536
0.03152513750011915     -0.03245218221406853
0.03806023374435663     -0.03484218470003111
0.04518400232274078     -0.037035989876554445
0.052887365070144354     -0.03903426372526706
0.061160505216372174     -0.040840667122597436
0.06999287989614972     -0.04246149911557235
0.0793732335844094     -0.043905270843008735
0.0892896124397542     -0.04518222673080898
0.0997293795378198     -0.0463038312643044
0.11067923097512244     -0.04728224062789081
0.12212521282287087     -0.04812977876976666
0.13405273890913727     -0.0488584369917096
0.1464466094067262     -0.04947941500201833
0.15929103020305446     -0.05000271955183117
0.17256963302735745     -0.05043683437327138
0.186265496309574     -0.05078847224614214
0.20036116674432652     -0.051062416750084674
0.21483868153251795     -0.05126145773680779
0.22967959127220117     -0.05138642091669403
0.2448649834695502     -0.05143628833405743
0.26037550663997155     -0.05140840304237703
0.27619139496864376     -0.05129874811510323
0.2922924934990568     -0.051102287357710996
0.3086582838174551     -0.050813352825110875
0.32526791020045076     -0.05042606257801861
0.3421002061924875     -0.04993475109220101
0.35913372157928514     -0.04933439440032576
0.37634674972289217     -0.048621012405787575
0.3937173552235117     -0.04779203184317948
0.4112234018728484     -0.04684659502710757
0.42884258086335747     -0.04578580176195661
0.4465524392174436     -0.044612874490896945
0.4643304084003838     -0.04333323983602936
0.48215383308050974     -0.041954523002644885
0.49999999999999994     -0.04048645495978818
0.5178461669194901     -0.03894069573337745
0.5356695915996161     -0.03733058042499091
0.5534475607825563     -0.035670797573314
0.5711574191366425     -0.03397701209144857
0.5887765981271517     -0.03226544714259595
0.6062826447764884     -0.03055244087902012
0.6236532502771077     -0.028853994906868394
0.6408662784207149     -0.027185331618974684
0.6578997938075124     -0.025560477151280542
0.6747320897995491     -0.0239918856839465
0.6913417161825448     -0.022490119168421113
0.7077075065009432     -0.021063594382881412
0.7238086050313562     -0.019718406587239445
0.7396244933600284     -0.018458236069314127
0.7551350165304498     -0.017284340662738096
0.7703204087277988     -0.01619563400033619
0.7851613184674819     -0.015188845973231335
0.7996388332556734     -0.014258758723612874
0.8137345036904259     -0.013398508629491324
0.8274303669726425     -0.012599942253277985
0.8407089697969456     -0.011854012217900722
0.8535533905932737     -0.01115119752074234
0.8659472610908627     -0.010481931951291545
0.8778747871771291     -0.009837024073785616
0.8893207690248777     -0.009208052676687895
0.9002706204621802     -0.0085877226571478
0.9107103875602458     -0.007970167956626306
0.9206267664155905     -0.007351190327174351
0.9300071201038502     -0.0067284253000541305
0.9388394947836277     -0.006101429646572454
0.9471126349298556     -0.0054716877497442695
0.9548159976772592     -0.004842537521501766
0.9619397662556434     -0.00421901967709748
0.9684748624998809     -0.0036076571915595324
0.9744129584186598     -0.003016174494724133
0.9797464868072487     -0.0024531683046438157
0.9844686508907536     -0.0019277438631093435
0.9885734329855798     -0.0014491316491656026
0.992055602168058     -0.0010263003565320616
0.9949107209404664     -0.0006675820017825185
0.9971351508859486     -0.000380324480262928
0.9987260573051268     -0.00017058572838091202
0.9996814128284959     -4.288193103740845e-05
