1.0     -5.551115123125783e-16
0.9996664241851196     5.982959895145523e-05
0.9986661418317758     0.0002383766561550038
0.997000487619973     0.0005328491051920237
0.9946716840375551     0.0009387027193594744
0.991682838414733     0.0014498004692952149
0.9880379387779635     0.0020586268678649544
0.9837418485287126     0.0027565489612380034
0.9788002999542029     0.0035341138159573626
0.9732198865788046     0.004381370941714757
0.967008054366274     0.005288207133594125
0.9601730917845797     0.0062446807531261195
0.9527241187465734     0.007241342512308124
0.9446710744412594     0.008269530376526113
0.9360247040719039     0.00932162723879637
0.9267965445186732     0.010391271497404264
0.9169989089449389     0.011473512533128227
0.9066448703677827     0.012564905256690406
0.895748244214627     0.013663540295922871
0.884323569889266     0.01476900892043187
0.8723860913718908     0.015882304359604138
0.8599517368789978     0.017005663656850856
0.8470370976103168     0.018142356521298253
0.8336594056111197     0.019296429696844142
0.8198365107794456     0.020472417087267047
0.8055868570489246     0.02167502718809572
0.7909294577789763     0.02290882023081464
0.775883870385223     0.024177887810352933
0.7604701702439651     0.025485547629992528
0.7447089239055427     0.02683406536586211
0.7286211616523193     0.028224414552885074
0.7122283494379075     0.02965608387054583
0.6955523602450779     0.031126939322027647
0.6786154449005664     0.03263314663008955
0.6614402023857231     0.03416915680451138
0.6440495496826186     0.035727755363647876
0.6264666911958403     0.037300173214937365
0.6087150877907784     0.03887625481429678
0.5908184254897182     0.040444677026338735
0.5728005838675023     0.04199321018252798
0.5546856041889371     0.04350901125783369
0.5364976573304536     0.044978937918947845
0.5182610115288293     0.04638987148299858
0.49999999999999994     0.047729036590822435
0.48173898847117047     0.048984305649951584
0.46350234266954615     0.0501444768266882
0.44531439581106275     0.05119951553227174
0.4271994161324975     0.05214075090591186
0.40918157451028175     0.052961020682553636
0.3912849122092214     0.05365475996800588
0.3735333088041596     0.05421803174111965
0.35595045031738115     0.05464849926855641
0.33855979761427685     0.05494534295644867
0.32138455509943353     0.05510912638057556
0.3044476397549219     0.05514161824349454
0.2877716505620923     0.055045578723224534
0.27137883834768073     0.054824520035488745
0.2552910760944571     0.05448245197693038
0.23952982975603487     0.05402362371375226
0.224116129614777     0.05345227311087661
0.20907054222102345     0.05277239446194775
0.1944131429510753     0.05198753460019385
0.18016348922055425     0.05110062608225503
0.16634059438888027     0.050113864495965534
0.15296290238968302     0.049028635017340935
0.14004826312100194     0.04784549121165484
0.127613908628109     0.04656418682657839
0.11567643011073386     0.04518375905449945
0.10425175578537293     0.04370265953967221
0.09335512963221726     0.04211892736403331
0.08300109105506093     0.04043039644690361
0.07320345548132678     0.038634928311790814
0.06397529592809614     0.03673066006845873
0.05532892555874058     0.03471625677514793
0.04727588125342669     0.032591157111815656
0.03982690821542023     0.030355801519601242
0.03299194563372598     0.02801183263473904
0.026780113421195295     0.025562258938835864
0.021199700045796965     0.023011574016625656
0.01625815147128734     0.020365825596526815
0.011962061222036413     0.017632630575251704
0.008317161585266963     0.014821134412221201
0.005328315962444874     0.011941915533065558
0.0029995123800270473     0.009006837611731568
0.001333858168224178     0.0060288547163462845
0.00033357581488030474     0.0030217762184329023
0.0     0.0
0.00031858717150418103     -0.0029546642348935795
0.0012739426948732424     -0.0059042705014713485
0.0028648491140513266     -0.008843643618358068
0.005089279059533658     -0.011767379985125434
0.007944397831941952     -0.014669748153908584
0.011426567014420241     -0.017544606485057873
0.015531349109246362     -0.020385342519066412
0.020253513192751316     -0.023184837838233087
0.025587041581340175     -0.02593546118058384
0.03152513750011915     -0.028629091443700492
0.03806023374435663     -0.03125717101984126
0.04518400232274078     -0.03381078868136032
0.052887365070144354     -0.03628079003326784
0.061160505216372174     -0.03865791241343924
0.06999287989614972     -0.04093294009369968
0.0793732335844094     -0.043096874755966935
0.0892896124397542     -0.045141115520533875
0.0997293795378198     -0.047057642315355766
0.11067923097512244     -0.04883919611506685
0.12212521282287087     -0.050479449557098585
0.13405273890913727     -0.05197316166154826
0.1464466094067262     -0.053316310834254824
0.15929103020305446     -0.054506201003108476
0.17256963302735745     -0.05554153660210262
0.186265496309574     -0.056422463144995987
0.20036116674432652     -0.05715057128361961
0.21483868153251795     -0.05772886348312755
0.22967959127220117     -0.05816168372303892
0.2448649834695502     -0.05845461190251009
0.26037550663997155     -0.058614325844951784
0.27619139496864376     -0.05864843491688079
0.2922924934990568     -0.058565290258393674
0.3086582838174551     -0.05837377743256701
0.32526791020045076     -0.05808309790949534
0.3421002061924875     -0.05770254618605648
0.35913372157928514     -0.057241289491506295
0.37634674972289217     -0.05670815693695504
0.3937173552235117     -0.05611144463773872
0.4112234018728484     -0.055458742784333846
0.42884258086335747     -0.05475678988050138
0.4465524392174436     -0.05401135843478338
0.4643304084003838     -0.05322717531750055
0.48215383308050974     -0.052407878819091036
0.49999999999999994     -0.05155601320948648
0.5178461669194901     -0.050673060346570875
0.5356695915996161     -0.049759506659116146
0.5534475607825563     -0.04881494267897845
0.5711574191366425     -0.04783819125877008
0.5887765981271517     -0.046827459720206466
0.6062826447764884     -0.04578051046459789
0.6236532502771077     -0.04469484406345169
0.6408662784207149     -0.043567888549204806
0.6578997938075124     -0.04239718855097519
0.6747320897995491     -0.041180588066897304
0.6913417161825448     -0.03991640102395812
0.7077075065009432     -0.03860356433144002
0.7238086050313562     -0.0372417688613213
0.7396244933600284     -0.035831564658482695
0.7551350165304498     -0.03437443766077844
0.7703204087277988     -0.03287285625593318
0.7851613184674819     -0.031330287078927016
0.7996388332556734     -0.02975118051970016
0.8137345036904259     -0.028140927427479534
0.8274303669726425     -0.026505789428274223
0.8407089697969456     -0.02485280608354945
0.8535533905932737     -0.02318968278338715
0.8659472610908627     -0.021524663765411817
0.8778747871771291     -0.019866394967019807
0.8893207690248777     -0.01822378154609927
0.9002706204621802     -0.016605844844925888
0.9107103875602458     -0.015021583331191857
0.9206267664155905     -0.01347984164403676
0.9300071201038502     -0.011989191322520742
0.9388394947836277     -0.010557826125722869
0.9471126349298556     -0.009193474098077581
0.9548159976772592     -0.007903327724281595
0.9619397662556434     -0.006693992690068484
0.9684748624998809     -0.005571454953521016
0.9744129584186598     -0.004541065070105321
0.9797464868072487     -0.0036075380343422725
0.9844686508907536     -0.0027749663290829174
0.9885734329855798     -0.0020468434318264284
0.992055602168058     -0.001426094732644212
0.9949107209404664     -0.0009151126797966591
0.9971351508859486     -0.0005157929899523572
0.9987260573051268     -0.00022956893606673745
0.9996814128284959     -5.7441046805162266e-05
