1.0     1.5265566588595902e-16
0.9996664241851196     5.517537193235056e-05
0.9986661418317758     0.00022046525360762403
0.997000487619973     0.0004951643726450322
0.9946716840375551     0.0008781085870271932
0.991682838414733     0.0013676914331487572
0.9880379387779635     0.00196188647031649
0.9837418485287126     0.0026582746378729094
0.9788002999542029     0.0034540756710651904
0.9732198865788046     0.004346182489178327
0.967008054366274     0.005331197379485966
0.9601730917845797     0.006405468756716243
0.9527241187465734     0.007565127281655815
0.9446710744412594     0.008806120173965842
0.9360247040719039     0.010124242651173634
0.9267965445186732     0.011515165564190667
0.9169989089449389     0.012974458474065316
0.9066448703677827     0.01449760761802607
0.895748244214627     0.01608002843711149
0.884323569889266     0.017717072573888215
0.8723860913718908     0.019404029487556547
0.8599517368789978     0.021136123065656758
0.8470370976103168     0.022908503827451285
0.8336594056111197     0.024716237505331203
0.8198365107794456     0.02655429094975844
0.8055868570489246     0.028417516424051947
0.7909294577789763     0.030300635433053887
0.775883870385223     0.0321982232613706
0.7604701702439651     0.034104695381322755
0.7447089239055427     0.036014296828665616
0.7286211616523193     0.03792109553812628
0.7122283494379075     0.03981898048513481
0.6955523602450779     0.041701665300664714
0.6786154449005664     0.04356269782002573
0.6614402023857231     0.045395475801979446
0.6440495496826186     0.047193268820595026
0.6264666911958403     0.048949246098095776
0.6087150877907784     0.050656509821794087
0.5908184254897182     0.05230813328092855
0.5728005838675023     0.053897202977885715
0.5546856041889371     0.0554168637199475
0.5364976573304536     0.056860365588028
0.5182610115288293     0.05822111161196723
0.49999999999999994     0.05949270496021225
0.48173898847117047     0.06066899447570763
0.46350234266954615     0.06174411745826144
0.44531439581106275     0.06271253870350514
0.4271994161324975     0.06356908495512575
0.40918157451028175     0.06430897410416554
0.3912849122092214     0.06492783866950795
0.3735333088041596     0.06542174330894046
0.35595045031738115     0.0657871963315959
0.33855979761427685     0.06602115540109327
0.32138455509943353     0.06612102782547506
0.3044476397549219     0.06608466601671664
0.2877716505620923     0.06591035886169003
0.27137883834768073     0.06559681987165915
0.2552910760944571     0.06514317306375601
0.23952982975603487     0.06454893757212465
0.224116129614777     0.06381401198695241
0.20907054222102345     0.06293865937666503
0.1944131429510753     0.061923493864159296
0.18016348922055425     0.060769469505802295
0.16634059438888027     0.05947787206730368
0.15296290238968302     0.058050314110063415
0.14004826312100194     0.05648873360286911
0.127613908628109     0.05479539606526666
0.11567643011073386     0.05297290003936311
0.10425175578537293     0.05102418548509613
0.09335512963221726     0.04895254450865089
0.08300109105506093     0.04676163367259982
0.07320345548132678     0.04445548700636349
0.06397529592809614     0.042038528742367146
0.05532892555874058     0.039515584750917286
0.04727588125342669     0.03689189163780756
0.03982690821542023     0.03417310250368147
0.03299194563372598     0.03136528844212411
0.026780113421195295     0.02847493497148217
0.021199700045796965     0.02550893274902671
0.01625815147128734     0.02247456209933195
0.011962061222036413     0.01937947109448144
0.008317161585266963     0.016231647143838908
0.005328315962444874     0.013039382276937036
0.0029995123800270473     0.009811232525601085
0.001333858168224178     0.0065559720218936355
0.00033357581488030474     0.003282542618480561
0.0     0.0
0.00031858717150418103     -0.003205962263183752
0.0012739426948732424     -0.006391232587441357
0.0028648491140513266     -0.009535556459883401
0.005089279059533658     -0.01261953911960626
0.007944397831941952     -0.015625038260654898
0.011426567014420241     -0.01853551372105621
0.015531349109246362     -0.021336322409749708
0.020253513192751316     -0.02401494881303571
0.025587041581340175     -0.026561163877815368
0.03152513750011915     -0.028967107795059007
0.03806023374435663     -0.031227295097744717
0.04518400232274078     -0.03333854343070735
0.052887365070144354     -0.03529983023115341
0.061160505216372174     -0.03711208426617265
0.06999287989614972     -0.03877792140232362
0.0793732335844094     -0.04030133603805761
0.0892896124397542     -0.04168736123267577
0.0997293795378198     -0.04294171165362615
0.11067923097512244     -0.04407042399524305
0.12212521282287087     -0.04507950947622418
0.13405273890913727     -0.045974632402459074
0.1464466094067262     -0.04676082761094143
0.15929103020305446     -0.04744226793559751
0.17256963302735745     -0.04802209072284774
0.186265496309574     -0.04850228995668059
0.20036116674432652     -0.0488836778270035
0.21483868153251795     -0.04916591669830154
0.22967959127220117     -0.04934761952146473
0.2448649834695502     -0.04942651389496532
0.26037550663997155     -0.04939966233444696
0.27619139496864376     -0.04926372895709943
0.2922924934990568     -0.049015280822480384
0.3086582838174551     -0.04865111067328606
0.32526791020045076     -0.048168566848470894
0.3421002061924875     -0.047565875737106154
0.35913372157928514     -0.046842442322425626
0.37634674972289217     -0.04599911512676577
0.3937173552235117     -0.045038403182027835
0.4112234018728484     -0.04396463446762074
0.42884258086335747     -0.04278404750953004
0.4465524392174436     -0.0415048104339116
0.4643304084003838     -0.0401369646162517
0.48215383308050974     -0.03869229305241198
0.49999999999999994     -0.03718411658471448
0.5178461669194901     -0.03562702402721489
0.5356695915996161     -0.03403654493522733
0.5534475607825563     -0.03242877614844651
0.5711574191366425     -0.030819975209844627
0.5887765981271517     -0.029226135244606932
0.6062826447764884     -0.027662556813998332
0.6236532502771077     -0.02614343259855234
0.6408662784207149     -0.024681460496276758
0.6578997938075124     -0.023287499850981025
0.6747320897995491     -0.021970284082889396
0.6913417161825448     -0.020736201030056634
0.7077075065009432     -0.0195891498967089
0.7238086050313562     -0.018530480932988258
0.7396244933600284     -0.01755902094337236
0.7551350165304498     -0.016671184552265406
0.7703204087277988     -0.015861167964809297
0.7851613184674819     -0.015121218870143727
0.7996388332556734     -0.014441973261188679
0.8137345036904259     -0.013812847399750805
0.8274303669726425     -0.013222471036642203
0.8407089697969456     -0.012659146385868625
0.8535533905932737     -0.012111316313346943
0.8659472610908627     -0.011568024775797214
0.8778747871771291     -0.01101935275340693
0.8893207690248777     -0.01045681375525509
0.9002706204621802     -0.009873694410497236
0.9107103875602458     -0.009265327639233045
0.9206267664155905     -0.008629288352101194
0.9300071201038502     -0.007965504466443174
0.9388394947836277     -0.00727627914369311
0.9471126349298556     -0.006566223431221596
0.9548159976772592     -0.005842101809606204
0.9619397662556434     -0.00511259637854522
0.9684748624998809     -0.004387998440018803
0.9744129584186598     -0.003679838941771596
0.9797464868072487     -0.0030004715255911307
0.9844686508907536     -0.0023626236968963266
0.9885734329855798     -0.0017789328275004124
0.992055602168058     -0.0012614842763514211
0.9949107209404664     -0.0008213688412879172
0.9971351508859486     -0.0004682760403385
0.9987260573051268     -0.00021013838986871924
0.9996814128284959     -5.2839948420757565e-05
