1.0     1.7763568394002505e-15
0.9996664241851196     4.902208631385463e-05
0.9986661418317758     0.0001950002588071431
0.997000487619973     0.0004347171971106345
0.9946716840375551     0.0007629651704921248
0.991682838414733     0.0011727708483266763
0.9880379387779635     0.001655696539539342
0.9837418485287126     0.00220220503820312
0.9788002999542029     0.002802072518604204
0.9732198865788046     0.0034448318336588457
0.967008054366274     0.004120227213041838
0.9601730917845797     0.004818660789005724
0.9527241187465734     0.00553161162368454
0.9446710744412594     0.006252008963253397
0.9360247040719039     0.006974543260386712
0.9267965445186732     0.007695901013864415
0.9169989089449389     0.00841491257198923
0.9066448703677827     0.009132605608477617
0.895748244214627     0.009852160861168913
0.884323569889266     0.010578770766339618
0.8723860913718908     0.011319405659600545
0.8599517368789978     0.012082496082358674
0.8470370976103168     0.012877543271683445
0.8336594056111197     0.01371467297490836
0.8198365107794456     0.01460415019126382
0.8055868570489246     0.015555874198361352
0.7909294577789763     0.016578874196912452
0.775883870385223     0.017680826059575605
0.7604701702439651     0.018867609989866085
0.7447089239055427     0.020142927408602906
0.7286211616523193     0.02150799314572288
0.7122283494379075     0.022961316112158292
0.6955523602450779     0.024498578174958652
0.6786154449005664     0.02611261709654883
0.6614402023857231     0.027793515280681746
0.6440495496826186     0.029528791858898507
0.6264666911958403     0.031303691521945676
0.6087150877907784     0.0331015596177274
0.5908184254897182     0.03490428955875051
0.5728005838675023     0.03669282564947518
0.5546856041889371     0.03844770217780061
0.5364976573304536     0.04014959810884122
0.5182610115288293     0.04177988603652252
0.49999999999999994     0.043321154219715635
0.48173898847117047     0.044757681550640194
0.46350234266954615     0.046075847135838024
0.44531439581106275     0.047264458743127055
0.4271994161324975     0.04831498758046468
0.40918157451028175     0.04922170059746657
0.3912849122092214     0.049981685589310834
0.3735333088041596     0.05059476867267869
0.35595045031738115     0.05106332802248338
0.33855979761427685     0.051392011932938915
0.32138455509943353     0.0515873731288663
0.3044476397549219     0.05165743464690552
0.2877716505620923     0.05161120539374726
0.27137883834768073     0.05145816555579824
0.2552910760944571     0.05120774329658735
0.23952982975603487     0.0508688045814997
0.224116129614777     0.05044917749514653
0.20907054222102345     0.049955231081001535
0.1944131429510753     0.04939152658656133
0.18016348922055425     0.04876055612351659
0.16634059438888027     0.048062580263884845
0.15296290238968302     0.04729557212728163
0.14004826312100194     0.046455271228481775
0.127613908628109     0.04553534591834324
0.11567643011073386     0.04452765884168392
0.10425175578537293     0.0434226256288736
0.09335512963221726     0.042209653202152225
0.08300109105506093     0.04087764076708145
0.07320345548132678     0.039415523907604645
0.06397529592809614     0.0378128403175552
0.05532892555874058     0.03606029465950274
0.04727588125342669     0.03415029988756518
0.03982690821542023     0.0320774731130702
0.03299194563372598     0.02983906570393976
0.026780113421195295     0.027435309729046505
0.021199700045796965     0.02486966599399015
0.01625815147128734     0.022148962642696418
0.011962061222036413     0.019283417474176223
0.008317161585266963     0.016286541581985656
0.005328315962444874     0.013174926490232983
0.0029995123800270473     0.009967921454718344
0.001333858168224178     0.006687211843912359
0.00033357581488030474     0.0033563133445965094
0.0     0.0
0.00031858717150418103     -0.0032811238565347797
0.0012739426948732424     -0.00654390629548553
0.0028648491140513266     -0.009770402314365706
0.005089279059533658     -0.012943445850944367
0.007944397831941952     -0.016047005052901155
0.011426567014420241     -0.019066497955143143
0.015531349109246362     -0.021989057721774594
0.020253513192751316     -0.02480373851162974
0.025587041581340175     -0.027501655263709818
0.03152513750011915     -0.030076053186454836
0.03806023374435663     -0.03252230537764374
0.04518400232274078     -0.03483783969907738
0.052887365070144354     -0.03702199867924277
0.061160505216372174     -0.039075838716964725
0.06999287989614972     -0.04100187711445114
0.0793732335844094     -0.042803797393348456
0.0892896124397542     -0.0444861248693325
0.0997293795378198     -0.046053885521703426
0.11067923097512244     -0.04751226175443358
0.12212521282287087     -0.04886625868330673
0.13405273890913727     -0.05012039409933011
0.1464466094067262     -0.05127842427062812
0.15929103020305446     -0.05234311629191731
0.17256963302735745     -0.05331607582856679
0.186265496309574     -0.05419763690292518
0.20036116674432652     -0.05498681791866207
0.21483868153251795     -0.05568134550855838
0.22967959127220117     -0.05627774512271003
0.2448649834695502     -0.056771494649874334
0.26037550663997155     -0.057157234885308064
0.27619139496864376     -0.05742902841893975
0.2922924934990568     -0.05758065660384782
0.3086582838174551     -0.057605942750027526
0.32526791020045076     -0.057499088630245054
0.3421002061924875     -0.05725501082379263
0.35913372157928514     -0.056869663381508014
0.37634674972289217     -0.05634033377297067
0.3937173552235117     -0.05566590005589833
0.4112234018728484     -0.054847038650807804
0.42884258086335747     -0.053886373955616004
0.4465524392174436     -0.05278856322408085
0.4643304084003838     -0.05156031257498244
0.48215383308050974     -0.05021032260225418
0.49999999999999994     -0.048749164720338176
0.5178461669194901     -0.04718909200209264
0.5356695915996161     -0.04554379074847137
0.5534475607825563     -0.04382808127531447
0.5711574191366425     -0.04205757832737438
0.5887765981271517     -0.04024832306002245
0.6062826447764884     -0.03841639960692657
0.6236532502771077     -0.03657754983674408
0.6408662784207149     -0.03474679997181933
0.6578997938075124     -0.03293811229499727
0.6747320897995491     -0.03116407422474421
0.6913417161825448     -0.029435635630613022
0.7077075065009432     -0.02776190344517182
0.7238086050313562     -0.026150000474779667
0.7396244933600284     -0.024604992902840545
0.7551350165304498     -0.023129888407763644
0.7703204087277988     -0.021725704182276317
0.7851613184674819     -0.020391601541677185
0.7996388332556734     -0.01912508134520352
0.8137345036904259     -0.017922232220658196
0.8274303669726425     -0.016778021662461784
0.8407089697969456     -0.015686618539885788
0.8535533905932737     -0.014641734462888412
0.8659472610908627     -0.013636970847886176
0.8778747871771291     -0.012666158426684171
0.8893207690248777     -0.011723676350591794
0.9002706204621802     -0.010804738941024183
0.9107103875602458     -0.009905639491320284
0.9206267664155905     -0.00902394227822989
0.9300071201038502     -0.008158616026581855
0.9388394947836277     -0.007310104405200968
0.9471126349298556     -0.006480331625126512
0.9548159976772592     -0.00567264376542731
0.9619397662556434     -0.004891688968253094
0.9684748624998809     -0.004143242025536953
0.9744129584186598     -0.003433981032942457
0.9797464868072487     -0.002771225629078833
0.9844686508907536     -0.0021626477987937154
0.9885734329855798     -0.001615967242534433
0.992055602168058     -0.0011386438605667237
0.9949107209404664     -0.000737579950804701
0.9971351508859486     -0.00041884427144722736
0.9987260573051268     -0.0001874291927541627
0.9996814128284959     -4.7050793390734924e-05
