1.0     -6.217248937900877e-15
0.9996664241851196     5.805479842635464e-05
0.9986661418317758     0.00023604938597543423
0.997000487619973     0.0005452689857703419
0.9946716840375551     0.0010038465566477583
0.991682838414733     0.0016357794969446005
0.9880379387779635     0.0024696124052656643
0.9837418485287126     0.0035368423602584187
0.9788002999542029     0.004870115282660237
0.9732198865788046     0.006501291246554963
0.967008054366274     0.008459462729153877
0.9601730917845797     0.010769012475050133
0.9527241187465734     0.013447796784546107
0.9446710744412594     0.016505535643467795
0.9360247040719039     0.0199424833616888
0.9267965445186732     0.023748442584277107
0.9169989089449389     0.02790217110929749
0.9066448703677827     0.032371215424552346
0.895748244214627     0.03711218787955417
0.884323569889266     0.042071486618601384
0.8723860913718908     0.04718643952761603
0.8599517368789978     0.052386836207678034
0.8470370976103168     0.057596796075168655
0.8336594056111197     0.06273690674205845
0.8198365107794456     0.06772655541388373
0.8055868570489246     0.07248636762018856
0.7909294577789763     0.0769406625073672
0.775883870385223     0.08101983238920507
0.7604701702439651     0.08466255633668673
0.7447089239055427     0.08781776322378643
0.7286211616523193     0.09044626861554472
0.7122283494379075     0.09252202184307046
0.6955523602450779     0.09403291409165726
0.6786154449005664     0.09498111476776405
0.6614402023857231     0.09538292116507407
0.6440495496826186     0.0952681248235212
0.6264666911958403     0.09467891624839131
0.6087150877907784     0.09366836711326237
0.5908184254897182     0.09229854502736556
0.5728005838675023     0.09063832978106706
0.5546856041889371     0.08876101115326634
0.5364976573304536     0.08674175643774162
0.5182610115288293     0.08465504051095235
0.49999999999999994     0.08257213234544925
0.48173898847117047     0.0805587293366094
0.46350234266954615     0.07867282476441008
0.44531439581106275     0.07696288440330762
0.4271994161324975     0.0754663960968968
0.40918157451028175     0.07420884151806312
0.3912849122092214     0.07320312292102107
0.3735333088041596     0.072449460110427
0.35595045031738115     0.0719357547997759
0.33855979761427685     0.07163840171792943
0.32138455509943353     0.07152350894781297
0.3044476397549219     0.07154847470399482
0.2877716505620923     0.07166385466861198
0.27137883834768073     0.0718154436108529
0.2552910760944571     0.07194648770739596
0.23952982975603487     0.07199994002843146
0.224116129614777     0.07192067118966362
0.20907054222102345     0.07165755018853529
0.1944131429510753     0.07116531679717879
0.18016348922055425     0.0704061762968327
0.16634059438888027     0.06935105940910714
0.15296290238968302     0.06798050450439576
0.14004826312100194     0.06628513495891887
0.127613908628109     0.06426572124146379
0.11567643011073386     0.06193283425750826
0.10425175578537293     0.059306112974859125
0.09335512963221726     0.05641318473592978
0.08300109105506093     0.05328829031083295
0.07320345548132678     0.049970677119642114
0.06397529592809614     0.04650283270386534
0.05532892555874058     0.04292863612189211
0.04727588125342669     0.03929150727276433
0.03982690821542023     0.035632633143311436
0.03299194563372598     0.031989345688608346
0.026780113421195295     0.028393718691950978
0.021199700045796965     0.02487144083063856
0.01625815147128734     0.021441009732313932
0.011962061222036413     0.01811327757183715
0.008317161585266963     0.014891363331085533
0.005328315962444874     0.01177093087140338
0.0029995123800270473     0.008740816119037055
0.001333858168224178     0.0057839715993470275
0.00033357581488030474     0.0028786829035318115
0.0     0.0
0.00031858717150418103     -0.002808731518062787
0.0012739426948732424     -0.005616610672057931
0.0028648491140513266     -0.008422687338439563
0.005089279059533658     -0.011225818622360247
0.007944397831941952     -0.014024579260286949
0.011426567014420241     -0.016817179944738365
0.015531349109246362     -0.01960139584669599
0.020253513192751316     -0.02237450731365809
0.025587041581340175     -0.02513325436793838
0.03152513750011915     -0.027873806232112056
0.03806023374435663     -0.03059174667929564
0.04518400232274078     -0.033282075558955675
0.052887365070144354     -0.03593922639836744
0.061160505216372174     -0.03855709953984371
0.06999287989614972     -0.041129109858058795
0.0793732335844094     -0.043648247722852904
0.0892896124397542     -0.046107151542062914
0.0997293795378198     -0.04849818994565017
0.11067923097512244     -0.05081355146407457
0.12212521282287087     -0.05304533941557018
0.13405273890913727     -0.05518566965134314
0.1464466094067262     -0.05722676881485841
0.15929103020305446     -0.05916107084896637
0.17256963302735745     -0.06098130962795632
0.186265496309574     -0.0626806057938869
0.20036116674432652     -0.06425254612905741
0.21483868153251795     -0.06569125408905561
0.22967959127220117     -0.06699145044214308
0.2448649834695502     -0.06814850329881861
0.26037550663997155     -0.069158467157999
0.27619139496864376     -0.0700181109313424
0.2922924934990568     -0.0707249352234229
0.3086582838174551     -0.07127717943240484
0.32526791020045076     -0.07167381948461583
0.3421002061924875     -0.07191455721974148
0.35913372157928514     -0.07199980259595484
0.37634674972289217     -0.07193064998292703
0.3937173552235117     -0.0717088498542808
0.4112234018728484     -0.07133677718073354
0.42884258086335747     -0.07081739776406852
0.4465524392174436     -0.07015423364520287
0.4643304084003838     -0.0693513285736621
0.48215383308050974     -0.06841321434874297
0.49999999999999994     -0.06734487864357806
0.5178461669194901     -0.0661517347118456
0.5356695915996161     -0.06483959316287201
0.5534475607825563     -0.06341463578404162
0.5711574191366425     -0.061883391198886285
0.5887765981271517     -0.060252711983182654
0.6062826447764884     -0.058529752726797335
0.6236532502771077     -0.05672194843134382
0.6408662784207149     -0.05483699257669886
0.6578997938075124     -0.05288281417498299
0.6747320897995491     -0.050867553158751105
0.6913417161825448     -0.04879953351902615
0.7077075065009432     -0.046687233714808485
0.7238086050313562     -0.044539254013589887
0.7396244933600284     -0.04236428058558954
0.7551350165304498     -0.04017104635523624
0.7703204087277988     -0.03796828880339864
0.7851613184674819     -0.03576470510417872
0.7996388332556734     -0.033568905161856684
0.8137345036904259     -0.03138936327828334
0.8274303669726425     -0.029234369320814503
0.8407089697969456     -0.027111980368970674
0.8535533905932737     -0.02502997388885568
0.8659472610908627     -0.022995803514029217
0.8778747871771291     -0.02101655849770094
0.8893207690248777     -0.019098927843350724
0.9002706204621802     -0.017249170020515223
0.9107103875602458     -0.015473089032650461
0.9206267664155905     -0.013776017429485615
0.9300071201038502     -0.012162806653354771
0.9388394947836277     -0.010637824885154218
0.9471126349298556     -0.009204962319200982
0.9548159976772592     -0.007867643556406054
0.9619397662556434     -0.006628846571060887
0.9684748624998809     -0.005491127487294106
0.9744129584186598     -0.004456650205536303
0.9797464868072487     -0.003527219754911423
0.9844686508907536     -0.0027043181210419515
0.9885734329855798     -0.001989141215507695
0.992055602168058     -0.00138263561680127
0.9949107209404664     -0.0008855337248646067
0.9971351508859486     -0.0004983860322023692
0.9987260573051268     -0.00022158932224211614
0.9996814128284959     -5.540975641438184e-05
