1.0     0.00024601326458417727
0.9996664241851196     0.0002978000134853387
0.9986661418317758     0.0004526378147422516
0.997000487619973     0.0007089786848952784
0.9946716840375551     0.0010643063404039976
0.991682838414733     0.0015152288922080093
0.9880379387779635     0.002057603060827362
0.9837418485287126     0.002686684630292646
0.9788002999542029     0.0033972987312801406
0.9732198865788046     0.004184022680311705
0.967008054366274     0.00504137353874512
0.9601730917845797     0.00596399231639444
0.9527241187465734     0.006946816840552761
0.9446710744412594     0.007985235738984686
0.9360247040719039     0.009075216728665958
0.9267965445186732     0.01021340343124666
0.9169989089449389     0.011397176210479032
0.9066448703677827     0.01262467399500472
0.895748244214627     0.013894775652998126
0.884323569889266     0.015207041158425805
0.8723860913718908     0.01656161446451665
0.8599517368789978     0.017959091610402766
0.8470370976103168     0.01940035906630072
0.8336594056111197     0.020886408610627932
0.8198365107794456     0.022418136076201217
0.8055868570489246     0.0239961320589529
0.7909294577789763     0.025620473119654597
0.775883870385223     0.027290522107921183
0.7604701702439651     0.029004745992772057
0.7447089239055427     0.030760559003481264
0.7286211616523193     0.03255419799006272
0.7122283494379075     0.034380635738779836
0.6955523602450779     0.03623353657011588
0.6786154449005664     0.03810525695965106
0.6614402023857231     0.03998689221849307
0.6440495496826186     0.041868368516328566
0.6264666911958403     0.04373857779589068
0.6087150877907784     0.04558555148111854
0.5908184254897182     0.047396667387595494
0.5728005838675023     0.04915888296204062
0.5546856041889371     0.05085898695842775
0.5364976573304536     0.05248386094205566
0.5182610115288293     0.054020741627952326
0.49999999999999994     0.05545747502160402
0.48173898847117047     0.05678275363966623
0.46350234266954615     0.057986328733763644
0.44531439581106275     0.059059190396147876
0.4271994161324975     0.059993709654017104
0.40918157451028175     0.06078373811110596
0.3912849122092214     0.061424662313324115
0.3735333088041596     0.06191341173581316
0.35595045031738115     0.062248421043920504
0.33855979761427685     0.06242954900108959
0.32138455509943353     0.0624579580149039
0.3044476397549219     0.06233595976503872
0.2877716505620923     0.06206683358695986
0.27137883834768073     0.06165462524511521
0.2552910760944571     0.06110393438223329
0.23952982975603487     0.060419699252627135
0.224116129614777     0.05960698732585925
0.20907054222102345     0.058670799985202866
0.1944131429510753     0.057615898859092914
0.18016348922055425     0.05644666034215457
0.16634059438888027     0.0551669636261249
0.15296290238968302     0.05378011612081043
0.14004826312100194     0.052288818559934544
0.127613908628109     0.05069517042074283
0.11567643011073386     0.04900071460700724
0.10425175578537293     0.04720651872038094
0.09335512963221726     0.04531328874026108
0.08300109105506093     0.04332150960775016
0.07320345548132678     0.04123160611783003
0.06397529592809614     0.039044116708774855
0.05532892555874058     0.03675987223111637
0.04727588125342669     0.03438017159955817
0.03982690821542023     0.03190694638620307
0.03299194563372598     0.029342906894834386
0.026780113421195295     0.026691663043088325
0.021199700045796965     0.02395781443909888
0.01625815147128734     0.021147005327514467
0.011962061222036413     0.01826594154339309
0.008317161585266963     0.015322368191061189
0.005328315962444874     0.012325008393670699
0.0029995123800270473     0.009283465071073716
0.001333858168224178     0.006208089232685539
0.00033357581488030474     0.003109819655626465
0.0     0.0
0.00031858717150418103     -0.0030373085284718356
0.0012739426948732424     -0.006052389513973767
0.0028648491140513266     -0.009023517713370427
0.005089279059533658     -0.01192995623838863
0.007944397831941952     -0.014752410697603986
0.011426567014420241     -0.01747343688910207
0.015531349109246362     -0.02007778915327867
0.020253513192751316     -0.022552698594370472
0.025587041581340175     -0.02488807285479754
0.03152513750011915     -0.02707661188754361
0.03806023374435663     -0.02911383711756698
0.04518400232274078     -0.03099803440603614
0.052887365070144354     -0.032730114220895765
0.061160505216372174     -0.034313395265316474
0.06999287989614972     -0.03575332041897972
0.0793732335844094     -0.03705711611231133
0.0892896124397542     -0.03823340809997642
0.0997293795378198     -0.039291807962273835
0.11067923097512244     -0.04024248549480092
0.12212521282287087     -0.041095742421036
0.13405273890913727     -0.04186160257323694
0.1464466094067262     -0.04254943284913863
0.15929103020305446     -0.04316760790049867
0.17256963302735745     -0.043723229698622586
0.186265496309574     -0.04422191092240354
0.20036116674432652     -0.044667628610991314
0.21483868153251795     -0.04506265181159881
0.22967959127220117     -0.04540754413595188
0.2448649834695502     -0.045701239322520446
0.26037550663997155     -0.045941185191207184
0.27619139496864376     -0.04612354887315961
0.2922924934990568     -0.04624347399287249
0.3086582838174551     -0.04629537865290118
0.32526791020045076     -0.04627328168857583
0.3421002061924875     -0.046171143769096354
0.35913372157928514     -0.04598320955132441
0.37634674972289217     -0.04570433725252601
0.3937173552235117     -0.04533030268712952
0.4112234018728484     -0.04485806597946295
0.42884258086335747     -0.0442859907702901
0.4465524392174436     -0.04361400771426108
0.4643304084003838     -0.04284371633885567
0.48215383308050974     -0.04197842181307178
0.49999999999999994     -0.041023105758901376
0.5178461669194901     -0.03998433283005008
0.5356695915996161     -0.03887009728035582
0.5534475607825563     -0.03768961605327519
0.5711574191366425     -0.03645307695585772
0.5887765981271517     -0.0351713521594051
0.6062826447764884     -0.03385568853222756
0.6236532502771077     -0.032517387111787366
0.6408662784207149     -0.03116748433646306
0.6578997938075124     -0.029816447472671745
0.6747320897995491     -0.02847389600206357
0.6913417161825448     -0.02714835960563189
0.7077075065009432     -0.0258470818441717
0.7238086050313562     -0.02457587675050668
0.7396244933600284     -0.02333904339439169
0.7551350165304498     -0.02213934114214816
0.7703204087277988     -0.020978025902867792
0.7851613184674819     -0.019854945227360032
0.7996388332556734     -0.018768687800263417
0.8137345036904259     -0.017716780730801074
0.8274303669726425     -0.016695926186508836
0.8407089697969456     -0.01570226739879632
0.8535533905932737     -0.014731672957456587
0.8659472610908627     -0.01378002764501185
0.8778747871771291     -0.012843517865437581
0.8893207690248777     -0.01191890000093887
0.9002706204621802     -0.011003740772036807
0.9107103875602458     -0.0100966198491802
0.9206267664155905     -0.009197286520245984
0.9300071201038502     -0.008306764094876629
0.9388394947836277     -0.007427397848086104
0.9471126349298556     -0.0065628445872875085
0.9548159976772592     -0.0057180042779618745
0.9619397662556434     -0.004898896490233118
0.9684748624998809     -0.0041124866395434445
0.9744129584186598     -0.003366469002028749
0.9797464868072487     -0.0026690152099684283
0.9844686508907536     -0.0020284983070002482
0.9885734329855798     -0.001453203412830062
0.992055602168058     -0.0009510365751079775
0.9949107209404664     -0.0005292434517125688
0.9971351508859486     -0.0001941490679828739
0.9987260573051268     4.907095324035993e-05
0.9996814128284959     0.0001965785514181917
