1.0     0.0002525654815481726
0.9996664241851196     0.0003113183572617806
0.9986661418317758     0.0004875296569854526
0.997000487619973     0.0007810501799631053
0.9946716840375551     0.0011916075458444642
0.991682838414733     0.001718771833367827
0.9880379387779635     0.0023619098353677703
0.9837418485287126     0.0031201301678029925
0.9788002999542029     0.003992221939731699
0.9732198865788046     0.004976590042772455
0.967008054366274     0.006071190336998766
0.9601730917845797     0.007273468085455093
0.9527241187465734     0.00858030291767281
0.9446710744412594     0.00998796338605798
0.9360247040719039     0.011492073826341542
0.9267965445186732     0.013087595758755205
0.9169989089449389     0.01476882548980174
0.9066448703677827     0.01652940891945015
0.895748244214627     0.018362373852737562
0.884323569889266     0.02026017938786795
0.8723860913718908     0.0222147812357939
0.8599517368789978     0.02421771114951965
0.8470370976103168     0.026260168034108994
0.8336594056111197     0.028333117796931304
0.8198365107794456     0.030427398604569375
0.8055868570489246     0.03253382795572167
0.7909294577789763     0.03464330787045429
0.775883870385223     0.03674692454128824
0.7604701702439651     0.03883603899037728
0.7447089239055427     0.04090236562258637
0.7286211616523193     0.042938036043510756
0.7122283494379075     0.04493564610560862
0.6955523602450779     0.046888284830890165
0.6786154449005664     0.0487895446072527
0.6614402023857231     0.0506335128368942
0.6440495496826186     0.052414745996953185
0.6264666911958403     0.05412822782196082
0.6087150877907784     0.055769314003202355
0.5908184254897182     0.05733366639235819
0.5728005838675023     0.058817180170072564
0.5546856041889371     0.06021590777325418
0.5364976573304536     0.061525983552399355
0.5182610115288293     0.0627435531427104
0.49999999999999994     0.06386471137762821
0.48173898847117047     0.06488545225481307
0.46350234266954615     0.06580163399354774
0.44531439581106275     0.06660896161631577
0.4271994161324975     0.06730298876895287
0.40918157451028175     0.06787913969115421
0.3912849122092214     0.0683327513938622
0.3735333088041596     0.06865913522629029
0.35595045031738115     0.06885365615834757
0.33855979761427685     0.0689118272990454
0.32138455509943353     0.06882941645145126
0.3044476397549219     0.06860256090024552
0.2877716505620923     0.06822788616499151
0.27137883834768073     0.06770262415155875
0.2552910760944571     0.06702472601021053
0.23952982975603487     0.0661929650692817
0.224116129614777     0.06520702545848646
0.20907054222102345     0.06406757245875519
0.1944131429510753     0.0627763012020244
0.18016348922055425     0.06133596107391611
0.16634059438888027     0.059750354018187145
0.15296290238968302     0.058024305872804036
0.14004826312100194     0.056163610848426915
0.127613908628109     0.0541749502535821
0.11567643011073386     0.05206578753860334
0.10425175578537293     0.049844242634901725
0.09335512963221726     0.047518949371746326
0.08300109105506093     0.0450989004274829
0.07320345548132678     0.04259328478873742
0.06397529592809614     0.04001132302827607
0.05532892555874058     0.037362105855195775
0.04727588125342669     0.03465444133272136
0.03982690821542023     0.031896715899502735
0.03299194563372598     0.029096773878040525
0.026780113421195295     0.026261819524285475
0.021199700045796965     0.023398344887970775
0.01625815147128734     0.020512085842316723
0.011962061222036413     0.01760800763782851
0.008317161585266963     0.014690320275128023
0.005328315962444874     0.011762522915544063
0.0029995123800270473     0.008827475495741461
0.001333858168224178     0.005887494723437627
0.00033357581488030474     0.002944470742411137
0.0     0.0
0.00031858717150418103     -0.002875353464219032
0.0012739426948732424     -0.005736185472642951
0.0028648491140513266     -0.00856821239688704
0.005089279059533658     -0.011357619449556761
0.007944397831941952     -0.014091278303404085
0.011426567014420241     -0.016756945193420365
0.015531349109246362     -0.01934343404518939
0.020253513192751316     -0.021840760022521947
0.025587041581340175     -0.02424024988988014
0.03152513750011915     -0.026534616703942887
0.03806023374435663     -0.02871799754328971
0.04518400232274078     -0.03078595421239352
0.052887365070144354     -0.0327354380717178
0.061160505216372174     -0.03456472130615216
0.06999287989614972     -0.036273298007997355
0.0793732335844094     -0.03786175938072086
0.0892896124397542     -0.0393316481334214
0.0997293795378198     -0.04068529770739675
0.11067923097512244     -0.04192566233673804
0.12212521282287087     -0.04305614408377959
0.13405273890913727     -0.0440804229051382
0.1464466094067262     -0.045002295500979304
0.15929103020305446     -0.045825528193140425
0.17256963302735745     -0.046553728388434135
0.186265496309574     -0.04719023834011383
0.20036116674432652     -0.047738053956924126
0.21483868153251795     -0.04819977036342005
0.22967959127220117     -0.04857755482811857
0.2448649834695502     -0.048873146589530604
0.26037550663997155     -0.04908788206576648
0.27619139496864376     -0.04922274297076497
0.2922924934990568     -0.049278424015298125
0.3086582838174551     -0.04925541617491663
0.32526791020045076     -0.04915410098503878
0.3421002061924875     -0.04897485099359924
0.35913372157928514     -0.04871813137457287
0.37634674972289217     -0.04838459778379483
0.3937173552235117     -0.04797518581628238
0.4112234018728484     -0.04749118788841113
0.42884258086335747     -0.04693431399826648
0.4465524392174436     -0.0463067335863431
0.4643304084003838     -0.04561109659425559
0.48215383308050974     -0.04485053276498331
0.49999999999999994     -0.04402862920553588
0.5178461669194901     -0.04314938720188366
0.5356695915996161     -0.04221716019713537
0.5534475607825563     -0.04123657567992911
0.5711574191366425     -0.04021244444700127
0.5887765981271517     -0.03914966127293491
0.6062826447764884     -0.038053101418156314
0.6236532502771077     -0.0369275176172068
0.6408662784207149     -0.03577744220453008
0.6578997938075124     -0.03460709885365462
0.6747320897995491     -0.03342032803477821
0.6913417161825448     -0.03222052974996828
0.7077075065009432     -0.03101062640611528
0.7238086050313562     -0.029793047861163685
0.7396244933600284     -0.028569739761842197
0.7551350165304498     -0.02734219531770861
0.7703204087277988     -0.026111509665778493
0.7851613184674819     -0.024878455012068285
0.7996388332556734     -0.023643573830077924
0.8137345036904259     -0.02240728658831062
0.8274303669726425     -0.02117000980240058
0.8407089697969456     -0.019932279690286048
0.8535533905932737     -0.018694876373032798
0.8659472610908627     -0.017458943424216555
0.8778747871771291     -0.01622609763452823
0.8893207690248777     -0.01499852412482039
0.9002706204621802     -0.013779052401643566
0.9107103875602458     -0.012571209588291832
0.9206267664155905     -0.011379247858349706
0.9300071201038502     -0.01020814401844894
0.9388394947836277     -0.009063570198120763
0.9471126349298556     -0.007951835669296026
0.9548159976772592     -0.006879800895888577
0.9619397662556434     -0.005854765964066255
0.9684748624998809     -0.004884336526145727
0.9744129584186598     -0.0039762712678445
0.9797464868072487     -0.0031383156460467743
0.9844686508907536     -0.0023780272135483504
0.9885734329855798     -0.001702598226088592
0.992055602168058     -0.0011186813999947143
0.9949107209404664     -0.0006322246484477545
0.9971351508859486     -0.00024832037124483675
0.9987260573051268     2.8925584537486948e-05
0.9996814128284959     0.0001965008210484953
